name: tbad
channels:
  - defaults
dependencies:
  - _tflow_180_select=1.0=gpu
  - absl-py=0.2.2=py36_0
  - astor=0.6.2=py36_0
  - blas=1.0=mkl
  - bleach=1.5.0=py36_0
  - bzip2=1.0.6=h14c3975_5
  - ca-certificates=2018.03.07=0
  - cairo=1.14.12=h7636065_2
  - certifi=2018.10.15=py36_0
  - cloudpickle=0.6.1=py36_0
  - cudatoolkit=9.0=h13b8566_0
  - cudnn=7.1.2=cuda9.0_0
  - cupti=9.0.176=0
  - cycler=0.10.0=py36h93f1223_0
  - dask-core=0.20.1=py36_0
  - dbus=1.13.2=h714fa37_1
  - decorator=4.3.0=py36_0
  - expat=2.2.5=he0dffb1_0
  - ffmpeg=4.0=h04d0a96_0
  - fontconfig=2.12.6=h49f89f6_0
  - freetype=2.8=hab7d2ae_1
  - gast=0.2.0=py36_0
  - glib=2.56.1=h000015b_0
  - graphite2=1.3.11=h16798f4_2
  - grpcio=1.12.0=py36hdbcaa40_0
  - gst-plugins-base=1.14.0=hbbd80ab_1
  - gstreamer=1.14.0=hb453b48_1
  - h5py=2.8.0=py36ha1f6525_0
  - harfbuzz=1.7.6=h5f0a787_1
  - hdf5=1.10.2=hba1933b_1
  - html5lib=0.9999999=py36_0
  - icu=58.2=h9c2bf20_1
  - imageio=2.4.1=py36_0
  - intel-openmp=2018.0.3=0
  - jasper=1.900.1=hd497a04_4
  - jpeg=9b=h024ee3a_2
  - keras=2.1.6=py36_0
  - kiwisolver=1.0.1=py36h764f252_0
  - libedit=3.1.20170329=h6b74fdf_2
  - libffi=3.2.1=hd88cf55_4
  - libgcc-ng=8.2.0=hdf63c60_1
  - libgfortran-ng=7.2.0=hdf63c60_3
  - libopenblas=0.2.20=h9ac9557_7
  - libopencv=3.4.1=h1a3b859_1
  - libopus=1.2.1=hb9ed12e_0
  - libpng=1.6.34=hb9fc6fc_0
  - libprotobuf=3.5.2=h6f1eeef_0
  - libstdcxx-ng=8.2.0=hdf63c60_1
  - libtiff=4.0.9=he85c1e1_1
  - libvpx=1.7.0=h439df22_0
  - libxcb=1.13=h1bed415_1
  - libxml2=2.9.8=h26e45fe_1
  - markdown=2.6.11=py36_0
  - matplotlib=2.2.2=py36h0e671d2_1
  - mkl=2018.0.3=1
  - mkl_fft=1.0.6=py36h7dd41cf_0
  - mkl_random=1.0.1=py36h4414c95_1
  - ncurses=6.1=hf484d3e_0
  - networkx=2.2=py36_1
  - numpy=1.15.3=py36h1d66e8a_0
  - numpy-base=1.15.3=py36h81de0dd_0
  - olefile=0.46=py36_0
  - opencv=3.4.1=py36h6fd60c2_2
  - openssl=1.0.2p=h14c3975_0
  - pcre=8.42=h439df22_0
  - pillow=5.1.0=py36h3deb7b8_0
  - pip=10.0.1=py36_0
  - pixman=0.34.0=hceecf20_3
  - protobuf=3.5.2=py36hf484d3e_0
  - py-opencv=3.4.1=py36h0676e08_1
  - pyparsing=2.2.0=py36hee85983_1
  - pyqt=5.9.2=py36h751905a_0
  - python=3.6.5=hc3d631a_2
  - python-dateutil=2.7.3=py36_0
  - pytz=2018.4=py36_0
  - pywavelets=1.0.1=py36hdd07704_0
  - pyyaml=3.12=py36hafb9ca4_1
  - qt=5.9.5=h7e424d6_0
  - readline=7.0=ha6073c6_4
  - scikit-image=0.14.0=py36hf484d3e_1
  - scikit-learn=0.20.0=py36h4989274_1
  - scipy=1.1.0=py36hfa4b5c9_1
  - setuptools=39.2.0=py36_0
  - sip=4.19.8=py36hf484d3e_0
  - six=1.11.0=py36h372c433_1
  - sqlite=3.23.1=he433501_0
  - tensorboard=1.8.0=py36hf484d3e_0
  - tensorflow=1.8.0=hb11d968_0
  - tensorflow-base=1.8.0=py36hc1a7637_0
  - tensorflow-gpu=1.8.0=h7b35bdc_0
  - termcolor=1.1.0=py36_1
  - tk=8.6.7=hc745277_3
  - toolz=0.9.0=py36_0
  - tornado=5.0.2=py36_0
  - werkzeug=0.14.1=py36_0
  - wheel=0.31.1=py36_0
  - xz=5.2.4=h14c3975_4
  - yaml=0.1.7=had09818_2
  - zlib=1.2.11=ha838bed_2
  - pip:
    - chardet==3.0.4
    - dask==0.20.1
    - easydict==1.7
    - idna==2.7
    - msgpack==0.5.6
    - nibabel==2.3.0
    - pandas==0.23.4
    - pyzmq==17.1.2
    - requests==2.19.1
    - tqdm==4.23.4
    - urllib3==1.23
    - visdom==0.1.8.5
    - websocket-client==0.52.0

